1  1.000000
2  1.000000
3  1.000000
4  1.000000
5  1.000000
6  1.000000
7  2.000000
8  18.000000
9  2.000000
10  3.000000
11  3.000000
12  4.000000
13  4.000000
14  23.000000
15  5.000000
16  7.000000
17  7.000000
18  9.000000
19  9.000000
20  11.000000
21  13.000000
22  14.000000
23  16.000000
24  18.000000
25  21.000000
26  23.000000
27  26.000000
28  28.000000
29  62.000000
30  90.000000
31  53.000000
32  111.000000
33  44.000000
34  48.000000
35  53.000000
36  59.000000
37  61.000000
38  68.000000
39  71.000000
40  114.000000
41  84.000000
42  89.000000
43  96.000000
44  101.000000
45  111.000000
46  125.000000
47  122.000000
48  130.000000
49  139.000000
