0  9.000000
1  3.000000
2  2.000000
3  4.000000
4  2.000000
5  2.000000
6  2.000000
7  2.000000
8  2.000000
9  2.000000
10  2.000000
11  8.000000
12  2.000000
13  6.000000
14  6.000000
15  6.000000
16  6.000000
17  6.000000
18  5.000000
19  2.000000
20  3.000000
21  2.000000
22  2.000000
23  3.000000
24  3.000000
25  2.000000
26  6.000000
27  6.000000
28  3.000000
29  6.000000
30  6.000000
31  6.000000
32  16.000000
33  3.000000
34  3.000000
35  3.000000
36  3.000000
37  3.000000
38  7.000000
39  7.000000
40  3.000000
41  6.000000
42  25.000000
43  6.000000
44  4.000000
45  3.000000
46  6.000000
47  7.000000
48  30.000000
49  4.000000
50  6.000000
51  6.000000
52  4.000000
53  6.000000
54  7.000000
55  7.000000
56  6.000000
57  8.000000
58  7.000000
59  7.000000
60  9.000000
61  6.000000
62  6.000000
63  3.000000
64  7.000000
65  6.000000
66  4.000000
67  6.000000
68  7.000000
69  7.000000
70  7.000000
71  6.000000
72  7.000000
73  7.000000
74  7.000000
75  21.000000
76  10.000000
77  8.000000
78  7.000000
79  8.000000
80  7.000000
81  7.000000
82  7.000000
83  9.000000
84  7.000000
85  8.000000
86  7.000000
87  7.000000
88  7.000000
89  9.000000
90  8.000000
91  7.000000
92  7.000000
93  8.000000
94  7.000000
95  7.000000
96  8.000000
97  8.000000
98  8.000000
99  9.000000
100  7.000000
101  7.000000
102  9.000000
103  8.000000
104  8.000000
105  8.000000
106  8.000000
107  8.000000
108  8.000000
109  8.000000
110  8.000000
111  9.000000
112  8.000000
113  11.000000
114  8.000000
115  8.000000
116  9.000000
117  8.000000
118  8.000000
119  9.000000
120  9.000000
121  8.000000
122  9.000000
123  9.000000
124  11.000000
125  9.000000
126  8.000000
127  8.000000
128  8.000000
129  40.000000
130  11.000000
131  9.000000
132  9.000000
133  9.000000
134  12.000000
135  9.000000
136  9.000000
137  9.000000
138  9.000000
139  9.000000
140  9.000000
141  9.000000
142  9.000000
143  11.000000
144  10.000000
145  9.000000
146  9.000000
147  10.000000
148  10.000000
149  5.000000
150  8.000000
151  5.000000
152  6.000000
153  13.000000
154  10.000000
155  9.000000
156  10.000000
157  10.000000
158  13.000000
159  10.000000
160  12.000000
161  10.000000
162  9.000000
163  9.000000
164  9.000000
165  48.000000
166  11.000000
167  9.000000
168  11.000000
169  10.000000
170  10.000000
171  9.000000
172  10.000000
173  10.000000
174  10.000000
175  9.000000
176  13.000000
177  10.000000
178  10.000000
179  10.000000
180  10.000000
181  9.000000
182  10.000000
183  9.000000
184  13.000000
185  11.000000
186  10.000000
187  10.000000
188  10.000000
189  9.000000
190  11.000000
191  13.000000
192  7.000000
193  11.000000
194  10.000000
195  10.000000
196  35.000000
197  12.000000
198  13.000000
199  10.000000
200  10.000000
201  10.000000
202  13.000000
203  13.000000
204  13.000000
205  10.000000
206  11.000000
207  40.000000
208  10.000000
209  11.000000
210  10.000000
211  12.000000
212  13.000000
213  10.000000
214  11.000000
215  11.000000
216  11.000000
217  14.000000
218  11.000000
219  11.000000
220  11.000000
221  11.000000
222  44.000000
223  14.000000
224  11.000000
225  10.000000
226  11.000000
227  12.000000
228  11.000000
229  13.000000
230  11.000000
231  13.000000
232  11.000000
233  11.000000
234  41.000000
235  48.000000
236  10.000000
237  41.000000
238  18.000000
239  16.000000
240  16.000000
241  14.000000
242  16.000000
243  15.000000
244  14.000000
245  15.000000
246  18.000000
247  16.000000
248  14.000000
249  13.000000
250  12.000000
251  15.000000
252  12.000000
253  11.000000
254  12.000000
255  30.000000
256  52.000000
257  53.000000
258  16.000000
259  13.000000
260  13.000000
261  13.000000
262  16.000000
263  12.000000
264  8.000000
265  12.000000
266  13.000000
267  17.000000
268  14.000000
269  16.000000
270  15.000000
271  15.000000
272  14.000000
273  14.000000
274  19.000000
275  17.000000
276  67.000000
277  17.000000
278  55.000000
279  16.000000
280  15.000000
281  12.000000
282  29.000000
283  15.000000
284  16.000000
285  15.000000
286  16.000000
287  13.000000
288  13.000000
289  13.000000
290  21.000000
291  15.000000
292  14.000000
293  16.000000
294  12.000000
295  14.000000
296  13.000000
297  12.000000
298  9.000000
299  11.000000
300  14.000000
301  13.000000
302  14.000000
303  18.000000
304  13.000000
305  13.000000
306  13.000000
307  12.000000
308  16.000000
309  15.000000
310  13.000000
311  18.000000
312  14.000000
313  16.000000
314  57.000000
315  16.000000
316  12.000000
317  13.000000
318  15.000000
319  15.000000
320  13.000000
321  13.000000
322  14.000000
323  16.000000
324  13.000000
325  13.000000
326  48.000000
327  15.000000
328  13.000000
329  14.000000
330  13.000000
331  13.000000
332  18.000000
333  14.000000
334  17.000000
335  16.000000
336  21.000000
337  21.000000
338  18.000000
339  14.000000
340  17.000000
341  14.000000
342  41.000000
343  17.000000
344  20.000000
345  15.000000
346  27.000000
347  17.000000
348  14.000000
349  15.000000
350  16.000000
351  17.000000
352  14.000000
353  15.000000
354  20.000000
355  16.000000
356  14.000000
357  41.000000
358  14.000000
359  17.000000
360  14.000000
361  13.000000
362  15.000000
363  17.000000
364  14.000000
365  15.000000
366  17.000000
367  14.000000
368  14.000000
369  14.000000
370  32.000000
371  14.000000
372  14.000000
373  12.000000
374  71.000000
375  20.000000
376  16.000000
377  19.000000
378  16.000000
379  17.000000
380  18.000000
381  17.000000
382  15.000000
383  16.000000
384  19.000000
385  16.000000
386  15.000000
387  26.000000
388  17.000000
389  22.000000
390  60.000000
391  11.000000
392  15.000000
393  15.000000
394  20.000000
395  16.000000
396  16.000000
397  18.000000
398  15.000000
399  15.000000
400  16.000000
401  17.000000
402  15.000000
403  15.000000
404  15.000000
405  18.000000
406  16.000000
407  16.000000
408  18.000000
409  15.000000
410  15.000000
411  19.000000
412  16.000000
413  17.000000
414  19.000000
415  33.000000
416  16.000000
417  19.000000
418  16.000000
419  16.000000
420  26.000000
421  40.000000
422  23.000000
423  30.000000
424  23.000000
425  26.000000
426  21.000000
427  17.000000
428  23.000000
429  18.000000
430  20.000000
431  18.000000
432  20.000000
433  25.000000
434  21.000000
435  17.000000
436  15.000000
437  16.000000
438  20.000000
439  16.000000
440  17.000000
441  21.000000
442  17.000000
443  28.000000
444  19.000000
445  16.000000
446  35.000000
447  18.000000
448  16.000000
449  21.000000
450  19.000000
451  18.000000
452  18.000000
453  38.000000
454  49.000000
455  22.000000
456  17.000000
457  16.000000
458  18.000000
459  17.000000
460  22.000000
461  16.000000
462  23.000000
463  20.000000
464  18.000000
465  19.000000
466  16.000000
467  18.000000
468  22.000000
469  18.000000
470  23.000000
471  24.000000
472  49.000000
473  18.000000
474  20.000000
475  25.000000
476  18.000000
477  23.000000
478  19.000000
479  19.000000
480  23.000000
481  18.000000
482  20.000000
483  23.000000
484  18.000000
485  21.000000
486  17.000000
487  17.000000
488  20.000000
489  18.000000
490  36.000000
491  18.000000
492  17.000000
493  21.000000
494  18.000000
495  21.000000
496  20.000000
497  17.000000
498  17.000000
499  31.000000
500  19.000000
501  18.000000
502  20.000000
503  96.000000
504  19.000000
505  22.000000
506  18.000000
507  62.000000
508  20.000000
509  22.000000
510  20.000000
511  30.000000
512  24.000000
513  14.000000
514  17.000000
515  17.000000
516  17.000000
517  19.000000
518  19.000000
519  17.000000
520  17.000000
521  17.000000
522  23.000000
523  17.000000
524  20.000000
525  26.000000
526  17.000000
527  24.000000
528  19.000000
529  19.000000
530  21.000000
531  19.000000
532  19.000000
533  21.000000
534  20.000000
535  18.000000
536  20.000000
537  20.000000
538  21.000000
539  19.000000
540  19.000000
541  20.000000
542  18.000000
543  21.000000
544  22.000000
545  55.000000
546  20.000000
547  21.000000
548  18.000000
549  23.000000
550  37.000000
551  27.000000
552  22.000000
553  23.000000
554  19.000000
555  23.000000
556  22.000000
557  21.000000
558  19.000000
559  22.000000
560  74.000000
561  23.000000
562  20.000000
563  21.000000
564  21.000000
565  24.000000
566  50.000000
567  20.000000
568  23.000000
569  20.000000
570  24.000000
571  19.000000
572  21.000000
573  21.000000
574  19.000000
575  18.000000
576  43.000000
577  23.000000
578  22.000000
579  19.000000
580  20.000000
581  21.000000
582  19.000000
583  22.000000
584  20.000000
585  101.000000
586  23.000000
587  19.000000
588  23.000000
589  27.000000
590  28.000000
591  21.000000
592  31.000000
593  21.000000
594  23.000000
595  20.000000
596  19.000000
597  21.000000
598  19.000000
599  34.000000
600  20.000000
601  20.000000
602  22.000000
603  19.000000
604  18.000000
605  21.000000
606  20.000000
607  22.000000
608  20.000000
609  23.000000
610  21.000000
611  20.000000
612  24.000000
613  21.000000
614  24.000000
615  21.000000
616  25.000000
617  21.000000
618  20.000000
619  23.000000
620  20.000000
621  22.000000
622  21.000000
623  48.000000
624  24.000000
625  22.000000
626  23.000000
627  21.000000
628  29.000000
629  54.000000
630  64.000000
631  27.000000
632  38.000000
633  25.000000
634  21.000000
635  23.000000
636  21.000000
637  22.000000
638  21.000000
639  62.000000
640  20.000000
641  23.000000
642  21.000000
643  21.000000
644  24.000000
645  20.000000
646  24.000000
647  22.000000
648  24.000000
649  21.000000
650  22.000000
651  24.000000
652  67.000000
653  22.000000
654  25.000000
655  25.000000
656  24.000000
657  24.000000
658  23.000000
659  25.000000
660  23.000000
661  25.000000
662  21.000000
663  21.000000
664  25.000000
665  37.000000
666  25.000000
667  26.000000
668  21.000000
669  21.000000
670  26.000000
671  22.000000
672  24.000000
673  22.000000
674  25.000000
675  41.000000
676  25.000000
677  22.000000
678  24.000000
679  35.000000
680  25.000000
681  24.000000
682  22.000000
683  24.000000
684  34.000000
685  24.000000
686  22.000000
687  24.000000
688  22.000000
689  26.000000
690  24.000000
691  25.000000
692  24.000000
693  21.000000
694  23.000000
695  25.000000
696  23.000000
697  24.000000
698  32.000000
699  24.000000
700  24.000000
701  26.000000
702  109.000000
703  24.000000
704  23.000000
705  25.000000
706  23.000000
707  25.000000
708  34.000000
709  66.000000
710  23.000000
711  26.000000
712  24.000000
713  24.000000
714  23.000000
715  33.000000
716  25.000000
717  28.000000
718  26.000000
719  24.000000
720  24.000000
721  24.000000
722  22.000000
723  26.000000
724  22.000000
725  25.000000
726  24.000000
727  24.000000
728  22.000000
729  25.000000
730  23.000000
731  25.000000
732  39.000000
733  24.000000
734  26.000000
735  32.000000
736  39.000000
737  23.000000
738  107.000000
739  26.000000
740  27.000000
741  35.000000
742  26.000000
743  23.000000
744  26.000000
745  36.000000
746  26.000000
747  24.000000
748  26.000000
749  25.000000
750  26.000000
751  26.000000
752  26.000000
753  24.000000
754  31.000000
755  25.000000
756  28.000000
757  26.000000
758  27.000000
759  25.000000
760  30.000000
761  25.000000
762  25.000000
763  39.000000
764  23.000000
765  25.000000
766  25.000000
767  27.000000
768  33.000000
769  26.000000
770  24.000000
771  26.000000
772  43.000000
773  27.000000
774  24.000000
775  28.000000
776  25.000000
777  29.000000
778  37.000000
779  26.000000
780  44.000000
781  27.000000
782  25.000000
783  25.000000
784  27.000000
785  24.000000
786  26.000000
787  24.000000
788  26.000000
789  24.000000
790  26.000000
791  24.000000
792  26.000000
793  27.000000
794  28.000000
795  25.000000
796  27.000000
797  28.000000
798  25.000000
799  26.000000
800  26.000000
801  26.000000
802  25.000000
803  26.000000
804  28.000000
805  30.000000
806  25.000000
807  27.000000
808  27.000000
809  28.000000
810  47.000000
811  27.000000
812  29.000000
813  26.000000
814  29.000000
815  25.000000
816  27.000000
817  28.000000
818  42.000000
819  38.000000
820  26.000000
821  27.000000
822  24.000000
823  26.000000
824  55.000000
825  29.000000
826  27.000000
827  25.000000
828  28.000000
829  27.000000
830  29.000000
831  106.000000
832  32.000000
833  30.000000
834  29.000000
835  41.000000
836  28.000000
837  22.000000
838  27.000000
839  27.000000
840  29.000000
841  29.000000
842  25.000000
843  28.000000
844  26.000000
845  27.000000
846  25.000000
847  29.000000
848  68.000000
849  111.000000
850  28.000000
851  28.000000
852  90.000000
853  27.000000
854  28.000000
855  25.000000
856  28.000000
857  27.000000
858  29.000000
859  59.000000
860  28.000000
861  28.000000
862  26.000000
863  30.000000
864  42.000000
865  28.000000
866  25.000000
867  26.000000
868  29.000000
869  31.000000
870  28.000000
871  29.000000
872  27.000000
873  28.000000
874  29.000000
875  25.000000
876  40.000000
877  27.000000
878  31.000000
879  31.000000
880  29.000000
881  30.000000
882  26.000000
883  31.000000
884  30.000000
885  48.000000
886  32.000000
887  36.000000
888  27.000000
889  29.000000
890  30.000000
891  28.000000
892  28.000000
893  51.000000
894  29.000000
895  29.000000
896  28.000000
897  31.000000
898  27.000000
899  44.000000
900  29.000000
901  27.000000
902  29.000000
903  29.000000
904  29.000000
905  30.000000
906  30.000000
907  30.000000
908  31.000000
909  30.000000
910  30.000000
911  28.000000
912  28.000000
913  33.000000
914  35.000000
915  34.000000
916  30.000000
917  28.000000
918  56.000000
919  27.000000
920  29.000000
921  31.000000
922  28.000000
923  31.000000
924  33.000000
925  28.000000
926  30.000000
927  92.000000
928  32.000000
929  31.000000
930  28.000000
931  33.000000
932  31.000000
933  30.000000
934  36.000000
935  45.000000
936  35.000000
937  31.000000
938  35.000000
939  34.000000
940  33.000000
941  30.000000
942  28.000000
943  30.000000
944  32.000000
945  32.000000
946  31.000000
947  32.000000
948  42.000000
949  54.000000
950  31.000000
951  28.000000
952  30.000000
953  31.000000
954  28.000000
955  52.000000
956  33.000000
957  29.000000
958  30.000000
959  31.000000
960  39.000000
961  34.000000
962  68.000000
963  42.000000
964  79.000000
965  52.000000
966  42.000000
967  34.000000
968  53.000000
969  32.000000
970  33.000000
971  28.000000
972  53.000000
973  33.000000
974  30.000000
975  32.000000
976  33.000000
977  28.000000
978  53.000000
979  30.000000
980  33.000000
981  33.000000
982  31.000000
983  29.000000
984  31.000000
985  32.000000
986  32.000000
987  32.000000
988  33.000000
989  30.000000
990  45.000000
991  32.000000
992  29.000000
993  31.000000
994  33.000000
995  41.000000
996  50.000000
997  32.000000
998  33.000000
999  44.000000
